((("colour" .
   [0 0 1 0 0 0])
  ("ids" .
   [1 0 0])
  ("label" .
   [1 0 0 0 0])
  ("xrange" .
   [0 0 0 1 0 0])
  ("self" .
   [0 0 1 1])
  ("BoxLayout" .
   [0 0 1 0 0 0 0 0 0])
  ("ScatterTextWidget" .
   [0 0 0 0 0 0 0 0 1 0 0 0 0 0 0 0 0])
  ("class" .
   [0 0 0 0 1])
  ("Scatter" .
   [1 0 0 0 0 0 0])
  ("t" .
   [1])
  ("sample" .
   [0 0 1 0 0 0])
  ("seed" .
   [0 0 0 1])
  ("random" .
   [0 0 0 0 1 2])
  ("response" .
   [1 0 0 0 0 0 0 0])
  ("r" .
   [1])
  ("request" .
   [0 0 0 1 0 0 0])
  ("url" .
   [1 0 0])
  ("requests" .
   [0 0 0 1 0 0 0 0])
  ("urllib" .
   [0 0 1 1 0 1])
  ("s" .
   [3])
  ("num" .
   [2 0 0])
  ("fibonacci" .
   [1 0 0 1 2 0 0 0 1])
  ("y" .
   [3])
  ("n" .
   [4])
  ("append" .
   [0 0 1 0 0 1])
  ("list" .
   [0 0 0 1])
  ("default" .
   [0 0 0 0 0 0 1])
  ("c" .
   [2])
  ("Counter" .
   [2 0 1 0 0 0 0])
  ("blue" .
   [1 0 0 0])
  ("get" .
   [0 0 1])
  ("iteritems" .
   [0 0 0 0 0 0 1 0 0])
  ("v" .
   [3])
  ("k" .
   [12])
  ("d" .
   [21])
  ("zip" .
   [0 1 0])
  ("itertools" .
   [0 0 0 0 0 1 0 0 0])
  ("find" .
   [1 0 0 0])
  ("target" .
   [1 0 0 0 0 0])
  ("seq" .
   [1 0 0])
  ("value" .
   [2 1 0 0 0])
  ("function" .
   [1 0 0 0 0 0 0 0])
  ("blocks" .
   [0 0 1 0 0 0])
  ("len" .
   [0 0 1])
  ("key" .
   [5 1 1])
  ("sorted" .
   [0 0 0 0 0 2])
  ("name" .
   [4 0 0 0])
  ("colors" .
   [6 0 0 0 0 1])
  ("color" .
   [8 0 0 0 8])
  ("i" .
   [20])
  ("func" .
   [0 0 0 1])
  ("g" .
   [2])
  ("f" .
   [7])
  ("x" .
   [16])
  ("return" .
   [0 0 0 0 0 2])
  ("try" .
   [0 1 0])
  ("print" .
   [0 0 0 0 3])
  ("render_template" .
   [0 1 0 0 0 0 0 0 0 0 0 0 0 0 0])
  ("fro" .
   [0 0 2])
  ("fla" .
   [0 0 2])
  ("redirect" .
   [0 0 0 2 0 0 0 0])
  ("flake8" .
   [0 0 0 1 0 0])
  ("from" .
   [0 1 3 7])
  ("import" .
   [0 5 0 0 0 3])
  ("lista" .
   [1 0 0 1 0])
  ("app" .
   [2 1 1])
  ("flask" .
   [0 2 1 1 8])
  ("url_for" .
   [0 1 1 0 0 0 0])
  ("YouTubeLink" .
   [0 0 1 1 0 0 0 0 0 0 0])
  ("Sentence" .
   [0 0 1 1 0 2 0 0])
  ("text" .
   [1 0 1 1])
  ("query" .
   [0 2 1 0 0])
  ("filter" .
   [0 0 1 0 0 0])
  ("word" .
   [3 0 2 0])
  ("id_video" .
   [2 0 0 0 0 0 0 0])
  ("names" .
   [3 0 0 0 1])
  ("dbm" .
   [0 0 1])
  ("django" .
   [0 0 0 1 0 0])
  ("http" .
   [0 0 0 1])
  ("HttpResponse" .
   [0 0 0 0 0 0 0 0 0 1 0 0])))
